71 176
74 198
77 219
82 240
92 258
109 272
128 284
147 294
165 297
184 293
201 282
219 270
233 256
243 238
246 218
249 199
252 178
90 171
103 163
119 160
135 163
150 169
181 169
196 163
212 161
227 163
239 172
166 183
166 195
165 207
165 219
146 229
156 230
165 231
175 229
184 228
109 185
120 181
131 181
140 188
130 189
119 188
190 188
199 181
210 181
220 185
211 188
200 189
122 246
139 242
155 240
165 241
176 240
191 241
208 243
192 259
177 267
166 268
155 268
139 260
127 247
155 245
165 246
176 245
202 245
176 257
166 258
155 257
