65 185
68 210
74 236
80 260
88 284
102 306
121 323
142 337
165 341
189 335
208 320
225 301
238 279
244 255
248 230
251 205
252 181
78 175
89 162
108 156
126 158
144 163
175 163
193 157
211 154
229 159
241 173
161 179
162 196
163 213
163 231
144 243
153 246
163 249
173 246
182 243
100 181
111 174
124 173
136 183
124 185
110 186
185 183
196 173
209 173
220 181
210 186
197 186
129 275
142 270
154 267
164 271
173 267
184 271
196 275
185 284
174 290
164 292
154 290
141 284
134 276
154 276
164 278
173 276
191 275
173 277
164 279
154 277
